4294967294,0
4294967294,25
4294967279,36
4294967279,31
4294967294,46
4294967279,211
4294967279,210
4294967294,426
4294967294,43
4294967294,418
4294967294,50
4294967294,27
4294967294,93
4294967294,95
4294967294,67
4294967294,92
4294967294,88
4294967294,1419
4294967294,11
4294967294,81
4294967294,68
4294967279,497
4294967294,7
4294967278,311
4294967294,6
0,5
4294967293,131
4294967293,130
4294967293,129
4294967293,128
4294967293,127
4294967293,126
4294967293,125
4294967293,124
4294967293,123
4294967293,122
4294967293,121
4294967293,120
4294967293,119
4294967293,118
4294967293,117
4294967293,116
4294967293,115
4294967293,114
4294967293,113
4294967293,112
4294967293,111
4294967293,110
4294967293,109
4294967293,108
4294967293,107
4294967293,106
4294967293,105
4294967293,104
4294967293,103
4294967293,102
4294967293,101
4294967293,100
4294967293,99
4294967293,98
4294967293,97
4294967293,96
4294967293,95
4294967293,94
4294967293,93
4294967293,92
4294967293,91
4294967293,90
4294967293,89
4294967293,87
4294967293,86
4294967293,85
4294967293,84
4294967293,83
4294967293,82
4294967293,81
4294967293,80
4294967293,79
4294967293,78
4294967293,77
4294967293,76
4294967293,75
4294967293,74
4294967293,73
4294967293,72
4294967293,71
4294967293,70
4294967293,69
4294967293,68
4294967293,67
4294967293,66
4294967293,65
4294967293,64
4294967293,63
4294967293,62
4294967293,61
4294967293,60
4294967293,59
4294967293,58
4294967293,57
4294967293,56
4294967293,55
4294967293,54
4294967293,53
4294967293,52
4294967293,51
4294967293,50
4294967293,49
4294967293,48
4294967293,47
4294967293,46
4294967293,45
4294967293,44
4294967293,43
4294967293,42
4294967293,41
4294967293,40
4294967293,39
4294967293,38
4294967293,37
4294967293,36
4294967293,35
4294967293,34
4294967293,33
4294967293,32
4294967293,31
4294967293,30
4294967293,29
4294967293,28
4294967293,27
4294967293,26
4294967293,25
4294967293,24
4294967293,23
4294967293,22
4294967293,21
4294967293,20
4294967293,19
4294967293,18
4294967293,17
4294967293,16
4294967293,15
4294967293,14
4294967293,13
4294967293,12
4294967293,11
4294967293,10
4294967293,9
4294967293,8
4294967293,7
4294967293,6
4294967293,5
4294967293,4
4294967293,3
4294967278,174
4294967278,88
4294967279,115
4294967279,114
4294967279,111
4294967279,109
4294967279,105
4294967279,103
4294967279,100
4294967279,95
4294967279,93
4294967279,90
4294967279,89
4294967279,87
4294967279,85
4294967279,449
4294967279,92
4294967279,91
4294967278,425
4294967279,201
4294967278,347
4294967278,299
4294967279,229
4294967278,334
4294967278,446
4294967279,221
4294967294,1087
4294967278,357
4294967278,445
4294967279,410
4294967279,134
387,6
387,5
387,4
387,3
387,2
387,1
4294967279,385
4294967278,388
4294967278,320
4294967279,461
4294967278,444
4294967279,219
4294967278,421
4294967278,280
4294967278,380
4294967278,259
4294967279,390
4294967279,389
4294967279,217
4294967278,391
4294967279,253
384,6
4294967279,386
384,5
4294967278,254
384,4
4294967279,254
384,3
384,2
384,1
4294967278,253
4294967279,251
4294967279,477
4294967278,443
4294967279,318
4294967279,246
4294967279,244
4294967279,236
4294967279,238
4294967279,237
4294967279,234
4294967279,232
4294967279,230
4294967294,1074
4294967279,228
4294967279,108
4294967279,107
4294967279,446
4294967279,106
4294967279,220
4294967278,218
4294967279,218
4294967279,445
4294967279,104
4294967279,102
381,6
381,5
4294967279,213
381,4
4294967278,211
381,3
381,2
381,1
4294967279,212
4294967279,97
4294967279,416
4294967279,209
4294967278,217
4294967279,208
4294967279,94
4294967279,207
4294967279,485
4294967279,206
4294967279,204
4294967279,203
4294967279,202
4294967279,200
4294967279,489
4294967278,367
4294967279,275
4294967278,442
4294967279,443
4294967279,193
4294967279,442
4294967278,389
378,6
378,5
378,4
378,3
378,2
378,1
4294967279,406
4294967278,441
4294967279,462
4294967279,440
4294967278,303
4294967279,395
4294967278,405
4294967279,471
4294967278,176
4294967278,339
4294967279,302
375,5
4294967278,166
375,4
375,3
375,2
375,1
4294967279,300
4294967278,416
4294967279,437
4294967278,428
4294967279,482
4294967278,297
4294967294,487
4294967279,439
4294967279,161
4294967279,436
4294967278,423
4294967279,158
374,6
374,5
4294967278,155
374,4
4294967279,155
374,3
374,2
374,1
4294967278,154
4294967279,481
4294967278,392
4294967279,493
4294967294,486
4294967278,399
4294967279,506
4294967279,144
4294967278,145
4294967279,145
4294967294,400
4294967294,1243
4294967294,167
4294967294,398
4294967294,416
4294967294,599
4294967294,1083
4294967294,164
4294967294,119
4294967294,404
4294967294,467
4294967279,479
4294967278,137
4294967279,414
4294967278,136
4294967294,1242
4294967278,135
371,5
371,4
371,3
371,2
371,1
4294967278,268
4294967278,440
4294967294,485
4294967278,264
4294967278,285
4294967278,355
369,5
4294967278,263
4294967278,278
369,4
369,3
369,2
369,1
4294967278,261
4294967294,1420
4294967278,258
4294967278,257
4294967279,478
4294967278,286
368,6
4294967294,1241
4294967279,391
4294967279,424
4294967278,322
368,5
4294967279,422
4294967278,351
368,4
4294967279,444
368,3
368,2
368,1
4294967279,421
4294967278,315
4294967279,434
367,5
367,4
367,3
367,2
367,1
4294967279,249
4294967294,1418
366,4
4294967279,242
366,3
366,2
366,1
4294967279,240
4294967279,432
4294967279,431
4294967279,473
4294967294,389
4294967279,496
4294967278,386
4294967279,225
4294967278,216
4294967279,216
4294967278,214
4294967279,280
4294967278,213
4294967279,214
4294967278,212
4294967279,113
4294967279,112
4294967279,110
4294967278,439
4294967279,435
4294967278,249
4294967278,233
4294967278,377
4294967278,424
4294967278,61
4294967278,59
4294967278,58
4294967278,57
4294967278,385
4294967278,56
4294967278,55
4294967278,338
4294967278,53
4294967278,52
4294967278,50
4294967278,47
4294967278,46
4294967278,45
4294967278,44
4294967278,42
4294967278,41
4294967278,39
4294967278,38
4294967278,37
4294967278,36
4294967278,35
4294967278,34
4294967278,381
4294967278,31
